eps_r = 1 + 1.12*